0.141582;-4.37167;0.860817;2e-05;2e-05;2e-05;-0.645608;-0.430866;-0.226794
0.33021;-3.35701;0.0674686;2e-05;2e-05;2e-05;-0.779769;-0.463581;-0.328881
0.651016;-4.22805;0.496242;1.28e-05;1.28e-05;1.28e-05;-0.795404;-0.605364;0.0294529
-1.43886;-0.111438;2.80701;1.6e-05;1.6e-05;1.6e-05;-0.377417;0.804891;0.457938
0.671662;-3.62326;0.604951;1.28e-05;1.28e-05;1.28e-05;-0.942702;-0.22692;-0.244581
6.48821;-0.113871;5.27964;1.024e-05;1.024e-05;1.024e-05;0.705356;0.425574;0.566886
0.2734;-4.32517;0.83856;1.28e-05;1.28e-05;1.28e-05;-0.938689;-0.285655;-0.19304
0.683972;-3.95222;0.684855;1.28e-05;1.28e-05;1.28e-05;-0.891097;-0.398423;-0.217267
0.552379;-4.46772;-0.0810876;1.28e-05;1.28e-05;1.28e-05;-0.908394;-0.383258;-0.167133
-0.173058;-3.69015;0.914989;1.28e-05;1.28e-05;1.28e-05;-0.374927;-0.277156;-0.884655
-2.2457;-0.111816;4.42169;1.6e-05;1.6e-05;1.6e-05;-0.376844;0.688115;0.620069
3.45677;-0.111676;-0.587734;1.6e-05;1.6e-05;1.6e-05;0.596645;0.79847;-0.0803734
0.660102;-4.3315;0.77308;2e-05;2e-05;2e-05;-0.306055;-0.212144;-0.114474
-28.6009;-0.108272;18.1971;1.6e-05;1.6e-05;1.6e-05;-0.852674;0.123066;0.507741
1.09542;-0.110366;-1.99388;1.6e-05;1.6e-05;1.6e-05;0.10138;0.812286;-0.57438
32.2208;-0.115066;-4.71465;1.6e-05;1.6e-05;1.6e-05;0.977928;0.131826;-0.162106
0.548785;-4.04897;-0.111471;2e-05;2e-05;2e-05;-0.495021;-0.328262;-0.219988
-0.378525;-3.88825;0.949516;1.28e-05;1.28e-05;1.28e-05;-0.691137;-0.493849;-0.527677
-0.368176;-4.11337;0.947466;1.28e-05;1.28e-05;1.28e-05;-0.0988028;-0.453915;-0.88555
3.43137;-0.112442;1.41453;1.024e-05;1.024e-05;1.024e-05;0.686168;0.722536;0.0843484
0.521731;-3.35776;0.0954826;1.28e-05;1.28e-05;1.28e-05;-0.699734;-0.709974;-0.0794305
-1.47714;-0.110813;1.25029;1.024e-05;1.024e-05;1.024e-05;-0.501733;0.81501;0.289867
0.525085;-3.35781;0.149571;2e-05;2e-05;2e-05;-0.614333;-0.371199;-0.25911
-17.9812;-0.0963178;-2.66677;1.6e-05;1.6e-05;1.6e-05;-0.973945;0.171645;-0.148218
-0.0628078;-3.3555;0.0543766;1.28e-05;1.28e-05;1.28e-05;-0.537044;-0.793437;-0.286429
-2.85458;-0.110295;1.05152;1.024e-05;1.024e-05;1.024e-05;-0.635157;0.738316;0.22686
-5.23628;-0.108042;-1.15107;2e-05;2e-05;2e-05;-0.460979;0.275949;-0.165383
0.237548;-3.35699;0.572902;2e-05;2e-05;2e-05;-0.324194;-0.191283;-0.12237
0.565527;-4.0687;-0.0121584;1.28e-05;1.28e-05;1.28e-05;-0.853459;-0.30362;-0.423583
7.64458;-0.114236;6.69378;1.024e-05;1.024e-05;1.024e-05;0.672762;0.375815;0.637302
0.448339;-3.91774;0.809481;1.28e-05;1.28e-05;1.28e-05;-0.911353;-0.332468;-0.242695
1.22419;-0.11355;8.11771;1.024e-05;1.024e-05;1.024e-05;0.093753;0.459693;0.883116
0.570239;-3.71178;0.00785947;2e-05;2e-05;2e-05;-0.421154;-0.267903;-0.183294
-0.508752;-4.19852;0.493045;1.28e-05;1.28e-05;1.28e-05;0.432892;-0.875784;0.213557
0.653358;-3.92391;0.503415;2e-05;2e-05;2e-05;-0.697589;-0.459318;-0.276615
0.624577;-3.3674;0.78037;1.28e-05;1.28e-05;1.28e-05;-0.547092;-0.330568;-0.769035
0.695837;-4.01244;0.756248;2e-05;2e-05;2e-05;-0.735331;-0.491408;-0.276913
2.08538;-0.111937;1.20447;1.6e-05;1.6e-05;1.6e-05;0.35463;0.904451;0.237078
-4.85424;-0.0991993;-11.5551;1.28e-05;1.28e-05;1.28e-05;-0.399926;0.251606;-0.881336
-0.378161;-3.35412;-0.198645;1.28e-05;1.28e-05;1.28e-05;-0.787642;-0.221183;-0.575064
-34.0817;-0.0851436;5.05552;1.024e-05;1.024e-05;1.024e-05;-0.983559;0.0953974;0.15333
0.124754;-3.74093;0.864501;2e-05;2e-05;2e-05;-0.672868;-0.41423;-0.23585
-5.73032;-0.108481;-0.0571613;1.28e-05;1.28e-05;1.28e-05;-0.875228;0.483583;0.0111464
0.623002;-3.87284;0.323008;1.28e-05;1.28e-05;1.28e-05;-0.884316;-0.262248;-0.386279
0.591027;-3.44696;0.124851;1.28e-05;1.28e-05;1.28e-05;-0.765905;-0.300873;-0.568212
4.66853;-0.111486;-2.06613;1.28e-05;1.28e-05;1.28e-05;0.729324;0.536001;-0.425193
11.7542;-0.110505;-10.4057;1.6e-05;1.6e-05;1.6e-05;0.716906;0.241849;-0.653877
1.28784;-0.111732;1.33508;1.6e-05;1.6e-05;1.6e-05;0.164424;0.964101;0.208502
0.630922;-4.33383;0.379868;1.28e-05;1.28e-05;1.28e-05;-0.880748;-0.20639;-0.426246
32.2112;-0.109993;-28.6628;1.024e-05;1.024e-05;1.024e-05;0.73252;0.097974;-0.673658
0.0937219;-3.3562;0.208281;1.28e-05;1.28e-05;1.28e-05;0.369136;-0.86802;-0.332085
-3.36039;-0.108572;-1.84886;1.024e-05;1.024e-05;1.024e-05;-0.668346;0.628392;-0.398042
2.83071;-0.112158;1.15719;1.6e-05;1.6e-05;1.6e-05;0.577941;0.81155;0.0858549
0.647854;-3.3585;0.484512;2e-05;2e-05;2e-05;-0.658722;-0.402172;-0.26213
5.41014;-0.113496;4.493;1.6e-05;1.6e-05;1.6e-05;0.678409;0.462265;0.571027
-0.221993;-3.35521;0.534207;1.28e-05;1.28e-05;1.28e-05;-0.87934;-0.449373;0.15756
-1.6947;-0.110362;0.276656;1.024e-05;1.024e-05;1.024e-05;-0.412209;0.908233;-0.0720885
1.55661;-0.106153;-9.67289;1.6e-05;1.6e-05;1.6e-05;0.0907986;0.3771;-0.921711
0.588516;-3.91631;0.120276;2e-05;2e-05;2e-05;-0.718873;-0.470303;-0.306577
-0.44859;-4.24044;0.849295;1.28e-05;1.28e-05;1.28e-05;0.940262;-0.244929;-0.236467
-4.37092;-0.113498;12.3881;1.024e-05;1.024e-05;1.024e-05;-0.304835;0.320737;0.896774
0.571076;-3.89341;0.0167747;2e-05;2e-05;2e-05;-0.713213;-0.464554;-0.309894
0.585978;-3.6242;0.0988946;1.28e-05;1.28e-05;1.28e-05;-0.826674;-0.317955;0.464236
-0.425246;-3.94298;0.957353;1.28e-05;1.28e-05;1.28e-05;-0.685571;-0.683855;-0.24967
0.547412;-4.07591;-0.118992;1.28e-05;1.28e-05;1.28e-05;-0.419325;-0.907603;-0.0205892
-0.266471;-4.39708;-0.229459;1.28e-05;1.28e-05;1.28e-05;-0.341773;-0.581176;0.73853
-33.5662;-0.0527754;-1.87307;1.024e-05;1.024e-05;1.024e-05;-0.990412;0.12921;-0.0488849
0.683999;-3.67682;0.678983;2e-05;2e-05;2e-05;-0.315553;-0.201725;-0.120772
-0.26318;-3.43242;-0.22874;1.28e-05;1.28e-05;1.28e-05;-0.359057;-0.218285;0.90743
2.18531;-0.111119;-0.965812;1.024e-05;1.024e-05;1.024e-05;0.584145;0.792372;-0.175846
0.307333;-3.49868;-0.325418;1.28e-05;1.28e-05;1.28e-05;0.0589108;-0.401069;0.914151
0.411301;-3.35775;0.71398;1.28e-05;1.28e-05;1.28e-05;0.434401;-0.860377;0.266545
0.340127;-0.111458;1.41119;1.024e-05;1.024e-05;1.024e-05;-0.0214309;0.97748;0.209935
0.612499;-3.4848;0.25249;2e-05;2e-05;2e-05;-0.688446;-0.42637;-0.286552
-5.54914;-0.107802;-1.27212;2e-05;2e-05;2e-05;-0.804109;0.473006;-0.28888
0.11723;-4.24133;0.865112;2e-05;2e-05;2e-05;-0.471344;-0.308998;-0.165089
8.7062;-0.112543;-2.48797;1.6e-05;1.6e-05;1.6e-05;0.857576;0.423103;-0.292483
7.7466;-0.112779;-0.649688;1.6e-05;1.6e-05;1.6e-05;0.858271;0.499326;-0.118513
-0.564205;-3.71823;0.155029;1.28e-05;1.28e-05;1.28e-05;0.977338;-0.208491;-0.0366446
-4.53521;-0.109353;0.33164;1.024e-05;1.024e-05;1.024e-05;-0.739644;0.672194;0.0328957
-0.150553;-4.07598;0.91067;2e-05;2e-05;2e-05;-0.319714;-0.200997;-0.108466
-1.76968;-0.113047;8.30316;1.6e-05;1.6e-05;1.6e-05;-0.167071;0.411779;0.895838
0.58611;-4.29793;0.114419;2e-05;2e-05;2e-05;-0.600372;-0.411885;-0.256283
1.78521;-0.109831;-3.92398;1.6e-05;1.6e-05;1.6e-05;0.201861;0.705036;-0.679835
2.20153;-0.112455;2.48804;1.6e-05;1.6e-05;1.6e-05;0.339835;0.804305;0.487449
-0.151898;-3.35564;0.776105;1.28e-05;1.28e-05;1.28e-05;-0.843912;-0.511015;0.16333
-19.8901;-0.0957844;-1.44712;1.024e-05;1.024e-05;1.024e-05;-0.980598;0.161951;-0.110451
0.520981;-4.34958;-0.269118;2e-05;2e-05;2e-05;-0.766024;-0.525976;-0.349692
0.581332;-4.45354;0.0896049;1.28e-05;1.28e-05;1.28e-05;-0.659274;-0.435181;-0.613168
-0.0375085;-4.39908;0.891102;2e-05;2e-05;2e-05;-0.627873;-0.414428;-0.215907
5.91906;-0.113751;5.22059;1.6e-05;1.6e-05;1.6e-05;0.699133;0.502977;0.50816
0.523086;-3.778;-0.269193;2e-05;2e-05;2e-05;-0.46498;-0.297185;-0.212305
1.81031;-0.110981;-1.00841;1.6e-05;1.6e-05;1.6e-05;0.325381;0.926937;-0.186856
-0.383755;-4.19384;0.949996;1.28e-05;1.28e-05;1.28e-05;0.33554;-0.823236;-0.457925
0.491318;-4.4763;0.801465;2e-05;2e-05;2e-05;-0.56862;-0.395457;-0.208358
0.538336;-3.60168;-0.182972;2e-05;2e-05;2e-05;-0.210185;-0.131416;-0.0945787
-25.7361;-0.111669;22.9008;1.6e-05;1.6e-05;1.6e-05;-0.750851;0.128254;0.647899
0.571915;-3.94937;0.0229585;2e-05;2e-05;2e-05;-0.569871;-0.373881;-0.247334
1.80448;-0.11179;1.06079;1.6e-05;1.6e-05;1.6e-05;0.296138;0.922023;0.24935
12.5812;-0.114269;2.88405;1.6e-05;1.6e-05;1.6e-05;0.941159;0.272403;0.200038
-0.295435;-3.80117;0.935563;1.28e-05;1.28e-05;1.28e-05;-0.141996;-0.243623;-0.959419
0.346428;-0.1097;-3.07813;1.6e-05;1.6e-05;1.6e-05;-0.0439465;0.803385;-0.593836
0.560574;-3.63752;-0.0508504;2e-05;2e-05;2e-05;-0.781285;-0.491739;-0.343589
-0.076932;-3.4373;0.89905;2e-05;2e-05;2e-05;-0.67884;-0.394866;-0.232275
-0.386229;-3.50987;0.951321;1.28e-05;1.28e-05;1.28e-05;-0.597609;-0.340344;-0.725968
0.12432;-3.3565;0.48333;1.28e-05;1.28e-05;1.28e-05;-0.341627;-0.154357;-0.927073
-1.48109;-0.110539;0.554411;1.024e-05;1.024e-05;1.024e-05;-0.443242;0.896187;0.0196249
0.667702;-4.34272;0.597295;1.28e-05;1.28e-05;1.28e-05;-0.922985;-0.243395;-0.298089
3.79006;-0.11145;-1.43425;1.024e-05;1.024e-05;1.024e-05;0.553868;0.750576;-0.36037
0.599037;-4.04353;0.185201;2e-05;2e-05;2e-05;-0.362034;-0.240921;-0.152562
-0.348906;-3.35471;0.511563;2e-05;2e-05;2e-05;-0.800174;-0.450479;-0.292088
4.92433;-0.112292;-0.230664;1.6e-05;1.6e-05;1.6e-05;0.734588;0.661385;-0.151491
0.654228;-4.22617;0.515172;2e-05;2e-05;2e-05;-0.404175;-0.276432;-0.159879
0.524019;-4.19662;-0.254512;1.28e-05;1.28e-05;1.28e-05;-0.977455;-0.20379;0.055243
-0.531042;-4.14826;0.360298;1.28e-05;1.28e-05;1.28e-05;0.118477;-0.537412;-0.834956
-13.6667;-0.0907145;-9.44858;1.024e-05;1.024e-05;1.024e-05;-0.777784;0.240254;-0.580801
2.93082;-0.112545;2.2813;1.6e-05;1.6e-05;1.6e-05;0.437862;0.845922;0.304455
0.0455159;-3.35607;0.285901;1.28e-05;1.28e-05;1.28e-05;-0.368242;-0.744584;0.55677
0.875395;-0.111609;1.36075;1.6e-05;1.6e-05;1.6e-05;0.066631;0.958563;0.276978
0.617308;-3.45619;0.781484;1.28e-05;1.28e-05;1.28e-05;-0.190073;-0.841436;-0.505823
-1.56629;-0.111534;3.15654;1.024e-05;1.024e-05;1.024e-05;-0.469883;0.719727;0.511081
0.509682;-3.41673;-0.35626;2e-05;2e-05;2e-05;-0.656564;-0.399427;-0.304203
-0.157886;-4.4602;0.911402;1.28e-05;1.28e-05;1.28e-05;-0.879389;-0.426747;-0.211097
-3.82284;-0.111176;4.08238;1.024e-05;1.024e-05;1.024e-05;-0.562835;0.667888;0.486973
2.05968;-0.110585;-2.22452;1.6e-05;1.6e-05;1.6e-05;0.299567;0.734279;-0.609175
0.63211;-3.64439;0.371805;1.28e-05;1.28e-05;1.28e-05;-0.871968;-0.21217;-0.441198
1.35033;-0.112455;3.17929;1.6e-05;1.6e-05;1.6e-05;0.16195;0.768997;0.618397
0.0326033;-3.35565;-0.25573;1.28e-05;1.28e-05;1.28e-05;-0.953705;-0.214428;-0.210873
-1.47019;-0.110884;1.42413;1.024e-05;1.024e-05;1.024e-05;-0.380378;0.821293;0.425195
0.515094;-4.43671;-0.301981;1.28e-05;1.28e-05;1.28e-05;-0.870508;-0.342319;-0.353602
0.616514;-3.40773;0.274518;2e-05;2e-05;2e-05;-0.693687;-0.425272;-0.287548
0.625946;-3.35846;0.549801;2e-05;2e-05;2e-05;-0.613346;-0.373777;-0.240259
-0.421384;-0.11123;1.45083;1.6e-05;1.6e-05;1.6e-05;-0.296785;0.920178;0.255326
-0.0535631;-3.35552;0.044669;1.28e-05;1.28e-05;1.28e-05;-0.906457;-0.402645;-0.127332
-3.38977;-0.108248;-2.33465;1.024e-05;1.024e-05;1.024e-05;-0.638092;0.621083;-0.455076
0.248525;-4.04299;0.843146;2e-05;2e-05;2e-05;-0.686341;-0.443668;-0.244191
0.606463;-4.23485;0.233254;1.28e-05;1.28e-05;1.28e-05;-0.513272;-0.246158;-0.822166
3.31911;-0.110965;-2.28871;1.024e-05;1.024e-05;1.024e-05;0.489379;0.743977;-0.454979
0.690188;-3.7016;0.716081;1.28e-05;1.28e-05;1.28e-05;-0.825085;-0.493269;-0.275536
0.372588;-0.110376;-1.37462;1.024e-05;1.024e-05;1.024e-05;-0.0762073;0.861703;-0.501657
-0.0379801;-3.92;0.891816;1.28e-05;1.28e-05;1.28e-05;-0.915662;-0.317;-0.24713
-2.39131;-0.113266;9.76496;1.6e-05;1.6e-05;1.6e-05;-0.277718;0.345177;0.896508
0.0600449;-3.35588;-0.0787635;1.28e-05;1.28e-05;1.28e-05;-0.189987;-0.412981;-0.890703
-0.0768444;-0.111336;1.43911;1.024e-05;1.024e-05;1.024e-05;-0.0381876;0.905121;0.423436
4.42298;-0.114506;11.7718;1.6e-05;1.6e-05;1.6e-05;0.300812;0.282397;0.910914
0.26445;-4.03984;0.840453;1.28e-05;1.28e-05;1.28e-05;-0.878483;-0.275496;-0.390346
0.331784;-3.35677;-0.294549;1.28e-05;1.28e-05;1.28e-05;-0.614563;-0.366179;0.698731
0.238423;-4.20448;0.844642;1.28e-05;1.28e-05;1.28e-05;-0.903839;-0.291;-0.313679
-0.239628;-3.35515;0.544567;2e-05;2e-05;2e-05;-0.582707;-0.330879;-0.213021
-12.5307;-0.106506;2.39096;1.28e-05;1.28e-05;1.28e-05;-0.962261;0.245834;0.1167
-0.0994816;-3.3557;0.556272;1.28e-05;1.28e-05;1.28e-05;-0.760751;-0.642597;-0.0912514
1.88956;-0.113405;6.94515;1.024e-05;1.024e-05;1.024e-05;0.267507;0.436056;0.859241
0.55372;-4.19713;0.791269;2e-05;2e-05;2e-05;-0.453994;-0.306798;-0.167609
0.0521374;-3.3561;0.304065;1.28e-05;1.28e-05;1.28e-05;-0.740643;-0.516318;-0.429958
5.54737;-0.113598;4.83904;1.024e-05;1.024e-05;1.024e-05;0.701998;0.414219;0.579328
-0.259466;-3.35493;0.32711;1.28e-05;1.28e-05;1.28e-05;0.920007;-0.36395;-0.145355
0.680761;-3.63503;0.658944;1.28e-05;1.28e-05;1.28e-05;-0.515425;-0.321324;-0.79441
1.86225;-0.11116;-0.595966;1.6e-05;1.6e-05;1.6e-05;0.35284;0.91662;-0.187912
0.54264;-4.08188;-0.147049;2e-05;2e-05;2e-05;-0.682596;-0.454291;-0.305218
0.0849543;-3.35592;-0.155637;1.28e-05;1.28e-05;1.28e-05;-0.913883;-0.292567;-0.281466
-0.450886;-3.35435;0.544924;2e-05;2e-05;2e-05;-0.660114;-0.36869;-0.237372
-0.323141;-3.35475;0.418584;1.28e-05;1.28e-05;1.28e-05;-0.146852;-0.984556;0.0953094
19.0598;-0.112086;-12.4915;1.024e-05;1.024e-05;1.024e-05;0.824333;0.137907;-0.549051
-0.272641;-3.35508;0.626848;2e-05;2e-05;2e-05;-0.311435;-0.176384;-0.111556
-3.61059;-0.110468;2.10778;1.6e-05;1.6e-05;1.6e-05;-0.683315;0.664208;0.303163
22.9816;-0.114064;-7.80324;1.6e-05;1.6e-05;1.6e-05;0.92593;0.140339;-0.350655
0.551779;-3.95277;-0.0958958;1.28e-05;1.28e-05;1.28e-05;-0.412476;-0.482597;0.772634
0.589421;-3.83391;0.123827;1.28e-05;1.28e-05;1.28e-05;-0.901377;-0.367173;0.229571
10.2466;-0.10693;-15.572;1.6e-05;1.6e-05;1.6e-05;0.50431;0.203767;-0.839137
11.7351;-0.114627;6.90177;1.28e-05;1.28e-05;1.28e-05;-0.886245;0.000109897;-0.463217
0.186705;-3.35687;0.68405;1.28e-05;1.28e-05;1.28e-05;-0.979705;-0.13685;-0.146461
-4.09483;-0.111713;5.65852;1.6e-05;1.6e-05;1.6e-05;-0.528404;0.571536;0.627802
-0.186134;-3.81665;0.917036;2e-05;2e-05;2e-05;-0.635934;-0.385707;-0.214825
0.133245;-3.35664;0.632736;1.28e-05;1.28e-05;1.28e-05;-0.493232;-0.632133;-0.597603
-1.59741;-0.112908;7.55237;1.6e-05;1.6e-05;1.6e-05;-0.168961;0.471494;0.865532
0.56395;-4.39697;-0.0142994;1.28e-05;1.28e-05;1.28e-05;-0.78977;-0.283102;-0.544166
9.68637;-0.109021;-11.8357;1.024e-05;1.024e-05;1.024e-05;0.587201;0.276011;-0.760929
0.671861;-3.5053;0.603545;1.28e-05;1.28e-05;1.28e-05;-0.714632;-0.348338;-0.606598
3.43552;-0.112761;2.83568;1.024e-05;1.024e-05;1.024e-05;0.562613;0.690637;0.454408
0.173115;-3.35635;-0.0131985;1.28e-05;1.28e-05;1.28e-05;-0.558864;-0.800961;-0.214786
0.627598;-4.2413;0.358219;1.28e-05;1.28e-05;1.28e-05;-0.908613;-0.271421;-0.317415
1.86783;-0.109642;-4.44897;1.6e-05;1.6e-05;1.6e-05;0.210484;0.614755;-0.760114
0.37201;-3.76065;0.822612;2e-05;2e-05;2e-05;-0.295242;-0.185933;-0.106609
-0.440092;-3.35415;0.197268;2e-05;2e-05;2e-05;-0.780144;-0.436081;-0.301683
-4.18501;-0.109771;0.801986;1.6e-05;1.6e-05;1.6e-05;-0.750243;0.649968;0.121147
0.662952;-4.20293;0.566193;2e-05;2e-05;2e-05;-0.722625;-0.493182;-0.28295
0.582947;-3.51876;0.787219;1.28e-05;1.28e-05;1.28e-05;-0.765713;-0.618472;-0.176564
2.93366;-0.0775714;-27.4756;1.6e-05;1.6e-05;1.6e-05;0.0867047;0.153643;-0.984315
-5.70398;-0.107036;-2.35005;2e-05;2e-05;2e-05;-0.384752;0.224413;-0.159865
0.69658;-3.4435;0.76808;1.28e-05;1.28e-05;1.28e-05;-0.730413;-0.315992;-0.605513
0.0126171;-3.46388;0.883854;2e-05;2e-05;2e-05;-0.727984;-0.428028;-0.251757
-54.6127;-0.0789609;19.8907;1.6e-05;1.6e-05;1.6e-05;-0.942847;0.0584246;0.328063
0.475363;-4.39223;0.804276;1.28e-05;1.28e-05;1.28e-05;-0.522659;-0.349363;-0.777672
0.0906246;-3.35636;0.470741;1.28e-05;1.28e-05;1.28e-05;-0.490568;-0.514674;-0.703174
2.48958;-0.113502;6.89508;1.6e-05;1.6e-05;1.6e-05;0.236382;0.504622;0.830349
-0.148473;-3.71963;0.910789;2e-05;2e-05;2e-05;-0.734361;-0.441107;-0.249174
-0.00127125;-3.6398;0.885972;1.28e-05;1.28e-05;1.28e-05;-0.727255;-0.469283;-0.500873
0.473599;-4.37864;0.804594;1.28e-05;1.28e-05;1.28e-05;-0.66831;-0.273617;-0.691733
-0.229727;-3.9324;0.924264;1.28e-05;1.28e-05;1.28e-05;-0.737355;-0.351727;-0.576712
-0.408694;-3.35441;0.404331;1.28e-05;1.28e-05;1.28e-05;-0.832204;-0.378061;-0.405594
-0.94896;-0.107131;-6.08616;1.024e-05;1.024e-05;1.024e-05;-0.074237;0.446203;-0.891847
0.287421;-3.4092;0.837399;1.28e-05;1.28e-05;1.28e-05;-0.503949;-0.442658;-0.74168
-5.72125;-0.110771;4.59692;1.024e-05;1.024e-05;1.024e-05;-0.768589;0.421914;0.480894
-0.295467;-3.60758;0.935824;1.28e-05;1.28e-05;1.28e-05;-0.820867;-0.544611;-0.171978
-0.181042;-3.51454;0.916574;1.28e-05;1.28e-05;1.28e-05;-0.856931;-0.287097;-0.42807
0.238496;-3.35668;0.107936;1.28e-05;1.28e-05;1.28e-05;-0.786562;-0.363958;0.498854
7.1882;-0.110807;-5.86943;1.024e-05;1.024e-05;1.024e-05;0.71467;0.333788;-0.61468
11.9965;-0.114808;8.37319;1.6e-05;1.6e-05;1.6e-05;0.79947;0.268156;0.537532
6.56858;-0.109221;-8.96585;1.6e-05;1.6e-05;1.6e-05;0.48838;0.344284;-0.801844
0.576941;-4.29196;0.0601354;1.28e-05;1.28e-05;1.28e-05;-0.812695;-0.467409;-0.34793
3.53077;-0.112212;0.717793;1.024e-05;1.024e-05;1.024e-05;0.572423;0.809993;0.127448
0.651483;-4.17541;0.497847;6.5536e-06;6.5536e-06;6.5536e-06;-0.577614;-0.815117;-0.0441234
0.55581;-3.78354;0.791462;1.28e-05;1.28e-05;1.28e-05;-0.868827;-0.238645;-0.433807
-0.69322;-0.111048;1.20654;1.024e-05;1.024e-05;1.024e-05;-0.320163;0.941369;0.106398
-0.409293;-3.35449;0.525092;1.28e-05;1.28e-05;1.28e-05;0.456478;-0.868824;-0.191763
-1.35499;-0.109891;-1.19609;1.024e-05;1.024e-05;1.024e-05;-0.24935;0.855495;-0.45382
0.582528;-3.8326;0.083087;1.28e-05;1.28e-05;1.28e-05;-0.811843;-0.344662;-0.471296
0.508976;-3.87953;-0.350299;2e-05;2e-05;2e-05;-0.768937;-0.497374;-0.355866
-0.0503006;-3.35591;0.59153;2e-05;2e-05;2e-05;-0.716779;-0.413178;-0.263301
-1.90885;-0.111684;3.81714;1.6e-05;1.6e-05;1.6e-05;-0.376378;0.656993;0.653223
0.559589;-4.35015;-0.041075;2e-05;2e-05;2e-05;-0.258172;-0.177853;-0.113317
0.492756;-3.35791;0.485862;2e-05;2e-05;2e-05;-0.271555;-0.163643;-0.106639
10.1786;-0.115182;22.7028;1.6e-05;1.6e-05;1.6e-05;0.396111;0.132614;0.908576
6.09538;-0.113069;2.00055;1.6e-05;1.6e-05;1.6e-05;0.85089;0.498214;0.166639
-15.8365;-0.0985372;-3.00232;1.28e-05;1.28e-05;1.28e-05;-0.95515;0.192969;-0.224615
0.372515;-3.91925;0.822316;2e-05;2e-05;2e-05;-0.55683;-0.357952;-0.201088
6.62445;-0.114949;14.8475;1.6e-05;1.6e-05;1.6e-05;0.374835;0.213604;0.902149
0.696739;-3.94364;0.760071;1.28e-05;1.28e-05;1.28e-05;-0.932576;-0.315882;-0.1747
0.550828;-3.67792;-0.10753;2e-05;2e-05;2e-05;-0.747009;-0.472302;-0.331783
2.3546;-0.108321;-6.92055;1.6e-05;1.6e-05;1.6e-05;0.213152;0.43852;-0.873079
0.593929;-4.3103;0.160869;1.28e-05;1.28e-05;1.28e-05;-0.845827;-0.420559;-0.328188
0.381831;-4.09443;0.820508;1.28e-05;1.28e-05;1.28e-05;-0.752602;-0.381391;-0.536779
2.79594;-0.112971;4.30272;1.024e-05;1.024e-05;1.024e-05;0.415204;0.684774;0.598908
-0.596773;-3.49595;-0.172343;1.28e-05;1.28e-05;1.28e-05;0.242209;-0.294566;0.924427
-0.44419;-3.35443;0.631894;1.28e-05;1.28e-05;1.28e-05;-0.0451586;-0.54133;-0.839596
-0.211031;-3.355;0.162628;1.28e-05;1.28e-05;1.28e-05;-0.273653;-0.441074;-0.854732
-14.0465;-0.105077;1.64377;1.024e-05;1.024e-05;1.024e-05;-0.968259;0.227442;0.103656
0.448009;-4.48838;0.808781;1.28e-05;1.28e-05;1.28e-05;-0.670915;-0.415493;-0.614197
-0.131993;-3.35519;-0.0142512;1.28e-05;1.28e-05;1.28e-05;-0.849958;-0.242357;-0.467798
0.270144;-0.112521;4.34503;1.024e-05;1.024e-05;1.024e-05;0.0738147;0.59521;0.800172
0.0761127;-4.43458;0.871818;1.28e-05;1.28e-05;1.28e-05;-0.865205;-0.447104;-0.226974
0.861897;-0.113986;10.3421;1.024e-05;1.024e-05;1.024e-05;0.0752743;0.413892;0.907209
0.694905;-4.49443;0.761295;1.28e-05;1.28e-05;1.28e-05;-0.831802;-0.380358;-0.404269
0.644119;-4.06686;0.451979;2e-05;2e-05;2e-05;-0.763751;-0.511678;-0.30592
8.4641;-0.113352;1.29836;1.6e-05;1.6e-05;1.6e-05;0.888298;0.449092;0.0961436
-0.427297;-3.35444;0.556589;1.28e-05;1.28e-05;1.28e-05;-0.602216;-0.797694;-0.0319564
-1.7185;-0.113384;9.7375;1.6e-05;1.6e-05;1.6e-05;-0.178234;0.364559;0.913963
0.549844;-3.65913;-0.113747;1.28e-05;1.28e-05;1.28e-05;-0.970748;-0.229609;-0.0702008
0.557937;-3.9872;0.790833;1.28e-05;1.28e-05;1.28e-05;-0.326678;-0.308875;-0.89324
0.582536;-3.90065;0.0846221;2e-05;2e-05;2e-05;-0.541979;-0.353687;-0.232639
2.72739;-0.108842;-6.40994;1.6e-05;1.6e-05;1.6e-05;0.274266;0.484866;-0.830472
0.771206;-0.111427;0.983059;1.6e-05;1.6e-05;1.6e-05;0.260866;0.965343;0.00780487
0.625042;-3.53223;0.327602;1.28e-05;1.28e-05;1.28e-05;-0.776454;-0.267138;-0.57075
7.53932;-0.109157;-9.86323;1.024e-05;1.024e-05;1.024e-05;0.540942;0.267806;-0.797284
0.661144;-3.53205;0.540832;2e-05;2e-05;2e-05;-0.307464;-0.192424;-0.121029
-0.0161219;-3.35616;0.778186;2e-05;2e-05;2e-05;-0.801206;-0.46312;-0.283194
4.41265;-0.111428;-2.00232;1.6e-05;1.6e-05;1.6e-05;0.611041;0.696008;-0.377095
0.567115;-3.37182;-0.0180326;1.28e-05;1.28e-05;1.28e-05;-0.80904;-0.334958;0.482967
0.694862;-3.47238;0.738683;1.28e-05;1.28e-05;1.28e-05;-0.956304;-0.226717;-0.184616
-0.530145;-3.35375;0.113036;2e-05;2e-05;2e-05;-0.715162;-0.396978;-0.279261
6.36994;-0.112523;-0.650437;1.6e-05;1.6e-05;1.6e-05;0.90061;0.42305;-0.0996497
0.539969;-3.38065;-0.178161;1.28e-05;1.28e-05;1.28e-05;-0.912277;-0.21606;-0.347949
0.601855;-3.41299;0.188058;1.28e-05;1.28e-05;1.28e-05;-0.838911;-0.35202;-0.415103
4.31747;-0.113238;4.24643;1.6e-05;1.6e-05;1.6e-05;0.556981;0.627644;0.543908
2.20024;-0.113238;5.95803;1.6e-05;1.6e-05;1.6e-05;0.227483;0.555143;0.800042
0.528571;-4.44303;-0.222233;1.28e-05;1.28e-05;1.28e-05;-0.922955;-0.297479;-0.244253
2.66763;-0.106619;-9.84854;1.024e-05;1.024e-05;1.024e-05;0.198567;0.402546;-0.893604
0.549206;-3.6293;-0.118172;1.28e-05;1.28e-05;1.28e-05;-0.920111;-0.389072;0.0449359
8.70909;-0.115055;16.1373;1.6e-05;1.6e-05;1.6e-05;0.4947;0.198721;0.846039
0.306496;-3.51816;0.834025;1.28e-05;1.28e-05;1.28e-05;-0.928297;-0.235182;-0.288017
-17.0391;-0.112479;18.0454;1.024e-05;1.024e-05;1.024e-05;-0.703052;0.13804;0.697612
0.610371;-3.3766;0.237553;1.28e-05;1.28e-05;1.28e-05;-0.863922;-0.454208;0.217564
0.0470946;-4.27786;0.876938;1.28e-05;1.28e-05;1.28e-05;0.106347;-0.796307;-0.595471
0.100357;-3.96837;0.86833;1.28e-05;1.28e-05;1.28e-05;-0.914113;-0.320852;-0.247895
0.031054;-3.72678;0.880384;2e-05;2e-05;2e-05;-0.551527;-0.33636;-0.191168
5.83155;-0.115183;24.7248;1.6e-05;1.6e-05;1.6e-05;0.233851;0.145604;0.961308
0.227169;-4.20467;0.846548;1.28e-05;1.28e-05;1.28e-05;-0.490332;-0.4212;-0.762998
-3.05848;-0.112439;6.67441;1.024e-05;1.024e-05;1.024e-05;-0.418951;0.521797;0.743106
0.648832;-3.55784;0.468678;2e-05;2e-05;2e-05;-0.600144;-0.37651;-0.23964
0.174538;-3.65818;0.856181;1.28e-05;1.28e-05;1.28e-05;-0.835556;-0.434666;-0.336023
-1.10238;-0.114529;16.3838;1.024e-05;1.024e-05;1.024e-05;-0.0799172;0.221783;0.971816
0.643904;-3.49332;0.438152;1.28e-05;1.28e-05;1.28e-05;-0.622483;-0.239525;0.745079
0.517152;-3.88222;-0.301957;1.28e-05;1.28e-05;1.28e-05;-0.904404;-0.403998;0.137256
0.562032;-3.87602;-0.0370169;2e-05;2e-05;2e-05;-0.675075;-0.438399;-0.296136
0.349155;-3.35687;-0.232887;1.28e-05;1.28e-05;1.28e-05;-0.126601;-0.758773;0.638933
4.47861;-0.110992;-3.17005;1.024e-05;1.024e-05;1.024e-05;0.686195;0.539372;-0.488072
0.6329;-3.66124;0.376844;1.28e-05;1.28e-05;1.28e-05;-0.894069;-0.209492;-0.395921
1.45697;-0.111602;0.864396;1.6e-05;1.6e-05;1.6e-05;0.254918;0.925487;0.280162
0.56774;-3.35821;0.500999;1.28e-05;1.28e-05;1.28e-05;-0.90589;-0.408252;-0.112668
7.65414;-0.113309;1.7826;1.024e-05;1.024e-05;1.024e-05;0.897164;0.410816;0.162255
0.587988;-3.96634;0.118249;1.28e-05;1.28e-05;1.28e-05;-0.921081;-0.317517;-0.225372
3.79505;-0.114122;8.78494;1.6e-05;1.6e-05;1.6e-05;0.397522;0.413988;0.818896
-0.306214;-3.35457;0.0650082;1.28e-05;1.28e-05;1.28e-05;-0.526732;-0.575657;-0.625438
-0.335795;-4.10004;0.942001;1.28e-05;1.28e-05;1.28e-05;-0.798567;-0.264663;-0.540596
-4.63637;-0.110599;3.27462;1.024e-05;1.024e-05;1.024e-05;-0.681244;0.631959;0.369505
-0.598585;-4.17634;-0.0380106;1.28e-05;1.28e-05;1.28e-05;0.24709;-0.720182;-0.648294
-3.94001;-0.108709;-1.16043;1.024e-05;1.024e-05;1.024e-05;-0.620801;0.755724;-0.208534
-0.169874;-3.35543;0.553806;1.28e-05;1.28e-05;1.28e-05;-0.94139;-0.238201;-0.238841
-2.13148;-0.109938;-0.445671;1.024e-05;1.024e-05;1.024e-05;-0.500189;0.827563;-0.254855
-0.185602;-3.35535;0.527938;1.28e-05;1.28e-05;1.28e-05;-0.917614;-0.276948;-0.285103
0.260395;-3.3568;0.155696;1.28e-05;1.28e-05;1.28e-05;0.24898;-0.491957;0.834258
0.101127;-3.35656;0.703802;2e-05;2e-05;2e-05;-0.701579;-0.409382;-0.254519
-11.5341;-0.107072;2.46305;1.6e-05;1.6e-05;1.6e-05;-0.953091;0.26618;0.144107
0.428756;-3.35777;0.647544;2e-05;2e-05;2e-05;-0.703449;-0.42166;-0.26538
3.70045;-0.110822;-2.96683;1.6e-05;1.6e-05;1.6e-05;0.558548;0.554323;-0.61705
1.3615;-0.110078;-2.94674;1.28e-05;1.28e-05;1.28e-05;0.295262;0.723602;-0.623875
-0.347722;-3.92722;0.944249;1.28e-05;1.28e-05;1.28e-05;-0.860521;-0.492784;-0.129106
0.593175;-3.41942;0.136927;2e-05;2e-05;2e-05;-0.67995;-0.416701;-0.289142
0.642192;-3.89152;0.436762;2e-05;2e-05;2e-05;-0.359752;-0.235671;-0.144536
1.33651;-0.110909;-0.80425;1.6e-05;1.6e-05;1.6e-05;0.171895;0.935978;-0.307241
0.172728;-3.35671;0.525357;1.28e-05;1.28e-05;1.28e-05;-0.598523;-0.170152;-0.782827
-0.470447;-0.111111;1.18745;1.024e-05;1.024e-05;1.024e-05;-0.190609;0.961856;0.196215
-0.352475;-4.32782;0.944523;1.28e-05;1.28e-05;1.28e-05;-0.80564;-0.267623;-0.528509
0.506699;-4.38408;-0.352725;1.28e-05;1.28e-05;1.28e-05;-0.904308;-0.212506;0.370226
8.26599;-0.113433;1.83004;1.024e-05;1.024e-05;1.024e-05;0.85062;0.468174;0.239288
0.640975;-3.35914;0.417931;2e-05;2e-05;2e-05;-0.710764;-0.433733;-0.286657
-4.90963;-0.110818;4.05443;1.6e-05;1.6e-05;1.6e-05;-0.720767;0.52077;0.457486
-0.377333;-3.35452;0.379838;2e-05;2e-05;2e-05;-0.265461;-0.149115;-0.0993978
-0.993977;-0.11006;-1.06192;1.6e-05;1.6e-05;1.6e-05;-0.171122;0.900355;-0.400097
0.525101;-3.84399;-0.255843;2e-05;2e-05;2e-05;-0.658299;-0.424432;-0.299891
0.617656;-3.54958;0.284367;2e-05;2e-05;2e-05;-0.68889;-0.430577;-0.285017
0.406407;-3.3573;0.0771694;2e-05;2e-05;2e-05;-0.54526;-0.326214;-0.230982
3.1583;-0.0839674;-25.8407;1.6e-05;1.6e-05;1.6e-05;0.104761;0.124612;-0.98666
0.553472;-3.55684;-0.0945616;2e-05;2e-05;2e-05;-0.600737;-0.37383;-0.266225
0.593791;-3.80675;0.14904;2e-05;2e-05;2e-05;-0.574123;-0.3705;-0.24357
-0.287744;-3.35521;0.893436;1.28e-05;1.28e-05;1.28e-05;-0.300578;-0.415958;-0.858273
27.587;-0.114978;-2.40343;1.024e-05;1.024e-05;1.024e-05;0.986527;0.114676;-0.116681
0.404236;-3.35774;0.735091;2e-05;2e-05;2e-05;-0.357141;-0.213643;-0.131882
-0.458727;-3.49828;0.773183;1.28e-05;1.28e-05;1.28e-05;0.549437;-0.82343;-0.141707
0.633486;-3.74036;0.382035;2e-05;2e-05;2e-05;-0.779591;-0.500422;-0.316571
0.4512;-3.35737;-0.0733436;1.28e-05;1.28e-05;1.28e-05;0.051238;-0.969694;0.23889
0.587211;-3.82111;0.110489;1.28e-05;1.28e-05;1.28e-05;-0.872348;-0.300124;0.38592
9.61946;-0.113402;0.560673;1.024e-05;1.024e-05;1.024e-05;0.924109;0.379344;0.0460593
0.537052;-3.57998;-0.191033;1.28e-05;1.28e-05;1.28e-05;-0.765677;-0.286619;-0.575837
-10.3116;-0.103204;-3.27934;1.28e-05;1.28e-05;1.28e-05;-0.897074;0.282841;-0.339497
0.618727;-3.81735;0.29655;2e-05;2e-05;2e-05;-0.668183;-0.432697;-0.275791
3.40739;-0.112724;2.69067;1.6e-05;1.6e-05;1.6e-05;0.534381;0.709902;0.458776
-0.403037;-3.35429;0.186417;1.28e-05;1.28e-05;1.28e-05;-0.941561;-0.326544;0.0826493
-0.592956;-4.40865;0.000321388;1.28e-05;1.28e-05;1.28e-05;0.746773;-0.366127;0.55523
0.596156;-3.76393;0.162072;1.28e-05;1.28e-05;1.28e-05;-0.873136;-0.2226;-0.433686
1.0991;-0.110539;-1.55446;1.024e-05;1.024e-05;1.024e-05;0.12364;0.898133;-0.421983
0.594929;-3.43367;0.147599;1.28e-05;1.28e-05;1.28e-05;-0.852327;-0.258456;-0.454685
-0.862338;-0.112398;4.77065;1.6e-05;1.6e-05;1.6e-05;-0.133153;0.659453;0.73986
0.585785;-3.87246;0.103197;2e-05;2e-05;2e-05;-0.355399;-0.231152;-0.15204
3.69043;-0.112835;2.9555;1.6e-05;1.6e-05;1.6e-05;0.549609;0.665559;0.504937
-0.411427;-3.35402;-0.163095;1.28e-05;1.28e-05;1.28e-05;0.447169;-0.813476;0.371884
7.17374;-0.111402;-4.34694;1.024e-05;1.024e-05;1.024e-05;0.820059;0.350571;-0.452331
0.566002;-3.88336;-0.0134106;1.28e-05;1.28e-05;1.28e-05;-0.735428;-0.318003;-0.598347
0.537446;-3.71917;-0.185658;1.28e-05;1.28e-05;1.28e-05;-0.839842;-0.425944;0.336507
0.673015;-3.68426;0.614266;1.28e-05;1.28e-05;1.28e-05;-0.901541;-0.281465;-0.328635
0.0892143;-3.56064;0.870756;1.28e-05;1.28e-05;1.28e-05;-0.985492;-0.146279;-0.0860692
-0.163033;-3.38597;0.913696;1.28e-05;1.28e-05;1.28e-05;-0.752485;-0.460593;-0.470766
7.36297;-0.113348;2.20063;1.024e-05;1.024e-05;1.024e-05;0.905979;0.393957;0.154921
0.554622;-3.42685;-0.0906091;2e-05;2e-05;2e-05;-0.788435;-0.482119;-0.349179
0.599809;-3.84542;0.185431;2e-05;2e-05;2e-05;-0.776966;-0.504172;-0.327421
-1.53409;-0.112959;7.72422;1.6e-05;1.6e-05;1.6e-05;-0.155477;0.447852;0.880486
0.522868;-3.75061;-0.271077;1.28e-05;1.28e-05;1.28e-05;-0.94513;-0.296837;-0.136448
8.1672;-0.113909;4.05109;1.024e-05;1.024e-05;1.024e-05;0.804254;0.382615;0.454732
0.640596;-4.14692;0.432924;1.28e-05;1.28e-05;1.28e-05;-0.920695;-0.244393;-0.304289
0.667343;-3.72438;0.581645;1.28e-05;1.28e-05;1.28e-05;-0.856178;-0.247899;0.453326
7.80643;-0.113584;2.89053;1.024e-05;1.024e-05;1.024e-05;0.857364;0.433636;0.277284
0.134564;-3.61639;0.863004;1.28e-05;1.28e-05;1.28e-05;-0.918567;-0.259303;-0.298322
0.614748;-4.23255;0.780889;2e-05;2e-05;2e-05;-0.707605;-0.482736;-0.263195
0.459606;-3.35782;0.532894;1.28e-05;1.28e-05;1.28e-05;-0.290915;-0.890454;-0.349943
-11.5213;-0.0899258;-11.5109;1.024e-05;1.024e-05;1.024e-05;-0.692555;0.188901;-0.696192
0.216366;-3.35699;0.693505;2e-05;2e-05;2e-05;-0.821444;-0.48384;-0.301481
-11.9523;-0.102223;-2.92085;1.6e-05;1.6e-05;1.6e-05;-0.928571;0.248367;-0.275807
2.60144;-0.112761;3.52561;1.6e-05;1.6e-05;1.6e-05;0.439279;0.705007;0.556776
0.10394;-3.86843;0.867856;1.28e-05;1.28e-05;1.28e-05;-0.747826;-0.536755;-0.390705
0.607767;-3.84255;0.232371;1.28e-05;1.28e-05;1.28e-05;-0.583112;-0.248273;-0.773525
12.3539;-0.113721;-0.285987;1.024e-05;1.024e-05;1.024e-05;0.952284;0.302305;-0.0420246
-0.0863018;-3.87201;0.900062;1.28e-05;1.28e-05;1.28e-05;-0.689968;-0.262825;-0.674438
0.539515;-4.29172;-0.160918;1.28e-05;1.28e-05;1.28e-05;-0.898479;-0.436392;-0.0479406
0.57348;-4.15456;0.787978;1.28e-05;1.28e-05;1.28e-05;-0.841699;-0.21516;-0.495226
-7.57439;-0.10993;3.96532;1.024e-05;1.024e-05;1.024e-05;-0.845612;0.419765;0.329754
0.427897;-3.35768;0.510309;2e-05;2e-05;2e-05;-0.685631;-0.410944;-0.266416
0.520918;-3.60323;-0.285817;2e-05;2e-05;2e-05;-0.708458;-0.442406;-0.324397
1.95128;-0.112873;4.5421;1.6e-05;1.6e-05;1.6e-05;0.233461;0.56969;0.788003
-0.48621;-3.35413;0.423841;1.28e-05;1.28e-05;1.28e-05;-0.940456;-0.33837;-0.0323778
2.09639;-0.112506;2.80506;1.6e-05;1.6e-05;1.6e-05;0.340131;0.778174;0.527974
0.616736;-4.27057;0.780503;2e-05;2e-05;2e-05;-0.779414;-0.534301;-0.289978
-0.0903451;-0.111658;2.2721;1.6e-05;1.6e-05;1.6e-05;-0.158024;0.929465;0.333353
-0.48067;-4.14749;0.657786;1.28e-05;1.28e-05;1.28e-05;0.340955;-0.718901;-0.605748
0.272355;-3.3568;0.0929608;1.28e-05;1.28e-05;1.28e-05;-0.789536;-0.309492;-0.52995
6.32491;-0.113278;2.74982;1.024e-05;1.024e-05;1.024e-05;0.82203;0.440521;0.360843
0.532712;-0.110485;-1.22884;1.6e-05;1.6e-05;1.6e-05;-0.00180228;0.953205;-0.302321
0.647042;-4.32673;0.474926;1.28e-05;1.28e-05;1.28e-05;-0.584558;-0.570826;-0.576585
0.636629;-3.41903;0.393571;1.28e-05;1.28e-05;1.28e-05;-0.741132;-0.20558;-0.639109
0.114916;-4.08922;0.865705;1.28e-05;1.28e-05;1.28e-05;-0.707753;-0.33878;-0.619931
-3.87561;-0.114417;17.5175;1.024e-05;1.024e-05;1.024e-05;-0.22701;0.226116;0.947279
0.631234;-3.5501;0.364567;1.28e-05;1.28e-05;1.28e-05;-0.89448;-0.295307;-0.335706
0.856284;-0.110574;-1.26661;1.024e-05;1.024e-05;1.024e-05;0.0590161;0.901967;-0.427752
0.213182;-3.35677;0.379783;1.28e-05;1.28e-05;1.28e-05;-0.20379;-0.945753;0.253025
-1.73441;-0.115039;23.5541;1.024e-05;1.024e-05;1.024e-05;-0.0829437;0.138058;0.986945
-0.186646;-3.3554;0.61302;2e-05;2e-05;2e-05;-0.781738;-0.445759;-0.282762
0.588743;-4.3488;0.131083;2e-05;2e-05;2e-05;-0.61595;-0.42529;-0.262131
11.6689;-0.0664635;-36.9711;1.6e-05;1.6e-05;1.6e-05;0.284416;0.109923;-0.952378
0.675926;-3.73187;0.632505;1.28e-05;1.28e-05;1.28e-05;-0.927642;-0.350985;0.12763
0.778836;-0.110856;-0.481621;1.28e-05;1.28e-05;1.28e-05;0.15735;0.977777;-0.138534
-0.00347675;-0.111297;1.2811;1.6e-05;1.6e-05;1.6e-05;0.0487717;0.994696;0.090558
7.60733;-0.113506;2.71259;1.6e-05;1.6e-05;1.6e-05;0.81168;0.480069;0.332729
19.6716;-0.114472;-1.34684;1.6e-05;1.6e-05;1.6e-05;0.982808;0.176992;-0.0525608
0.565383;-4.18215;-0.010541;1.28e-05;1.28e-05;1.28e-05;-0.864145;-0.22679;-0.449244
1.25455;-0.112223;2.61509;1.024e-05;1.024e-05;1.024e-05;0.140871;0.831929;0.536702
8.40833;-0.114248;6.16736;1.6e-05;1.6e-05;1.6e-05;0.721092;0.386423;0.575068
0.556301;-3.72756;-0.0741115;1.28e-05;1.28e-05;1.28e-05;-0.817917;-0.323606;-0.4757
-5.67628;-0.111345;6.01092;1.6e-05;1.6e-05;1.6e-05;-0.670093;0.462112;0.580885
8.82516;-0.115103;17.4039;1.6e-05;1.6e-05;1.6e-05;0.468995;0.182112;0.864222
0.669092;-4.22564;0.602949;2e-05;2e-05;2e-05;-0.649131;-0.444496;-0.252293
0.574333;-3.41904;0.0256381;2e-05;2e-05;2e-05;-0.594173;-0.363541;-0.2578
0.364018;-3.3573;0.304658;2e-05;2e-05;2e-05;-0.457482;-0.272745;-0.184566
-2.38317;-0.111067;2.63319;1.6e-05;1.6e-05;1.6e-05;-0.566616;0.669545;0.480267
0.591712;-3.51877;0.130456;1.28e-05;1.28e-05;1.28e-05;-0.907416;-0.232067;-0.350343
0.639212;-3.54735;0.411632;1.28e-05;1.28e-05;1.28e-05;-0.704138;-0.548272;-0.451206
1.28932;-0.110298;-2.32772;1.024e-05;1.024e-05;1.024e-05;0.146322;0.773593;-0.616558
0.486701;-0.114998;20.9365;1.6e-05;1.6e-05;1.6e-05;-0.00884224;0.176221;0.984311
-2.40844;-0.08634;-20.3621;1.6e-05;1.6e-05;1.6e-05;-0.141383;0.202902;-0.968938
0.55966;-4.47097;-0.0380156;2e-05;2e-05;2e-05;-0.628317;-0.439189;-0.275622
3.50077;-0.112609;2.09753;1.6e-05;1.6e-05;1.6e-05;0.605643;0.749621;0.266956
0.529195;-4.11685;-0.225693;2e-05;2e-05;2e-05;-0.755925;-0.504733;-0.342582
0.598892;-3.77014;0.178367;2e-05;2e-05;2e-05;-0.642249;-0.412669;-0.27101
16.3291;-0.114264;-0.30488;1.6e-05;1.6e-05;1.6e-05;0.973604;0.226277;-0.0299101
4.49428;-0.113641;5.90717;1.6e-05;1.6e-05;1.6e-05;0.490443;0.54425;0.68063
-0.427031;-3.35466;0.871811;2e-05;2e-05;2e-05;-0.533097;-0.298309;-0.178598
0.559104;-3.38933;-0.0649562;2e-05;2e-05;2e-05;-0.626265;-0.381134;-0.276119
5.52412;-0.112589;0.341184;1.6e-05;1.6e-05;1.6e-05;0.832684;0.549543;0.0681139
0.674891;-4.16941;0.635969;1.28e-05;1.28e-05;1.28e-05;-0.936411;-0.293436;-0.192432
-0.767871;-0.103096;-11.1872;1.024e-05;1.024e-05;1.024e-05;-0.114634;0.323087;-0.939401
0.591325;-3.57404;0.129388;1.28e-05;1.28e-05;1.28e-05;-0.877424;-0.361998;-0.314776
0.547336;-3.74444;-0.126695;1.28e-05;1.28e-05;1.28e-05;-0.916749;-0.234981;-0.323039
16.3779;-0.115182;14.4931;1.024e-05;1.024e-05;1.024e-05;0.72444;0.166082;0.669032
0.091589;-4.02503;-0.289589;1.28e-05;1.28e-05;1.28e-05;-0.558487;-0.509586;0.654533
2.59339;-0.112363;1.87283;1.6e-05;1.6e-05;1.6e-05;0.548264;0.803854;0.230705
0.646937;-4.21896;0.471949;2e-05;2e-05;2e-05;-0.760762;-0.519537;-0.303517
2.42197;-0.110552;-2.60621;1.6e-05;1.6e-05;1.6e-05;0.326783;0.756358;-0.566688
0.00103998;-3.4314;0.885857;2e-05;2e-05;2e-05;-0.676292;-0.395514;-0.233556
0.679752;-3.38768;0.647578;1.28e-05;1.28e-05;1.28e-05;-0.842882;-0.286299;-0.455613
-0.0300865;-3.35611;0.777557;1.28e-05;1.28e-05;1.28e-05;-0.707924;-0.23471;-0.66615
-0.0794912;-0.110576;-0.494681;1.024e-05;1.024e-05;1.024e-05;-0.014171;0.93093;-0.364922
0.539034;-3.73702;-0.175892;2e-05;2e-05;2e-05;-0.572449;-0.364402;-0.257267
-0.433056;-0.111047;0.994259;1.6e-05;1.6e-05;1.6e-05;-0.12641;0.991492;0.0310462
0.405735;-3.35713;-0.180707;1.28e-05;1.28e-05;1.28e-05;-0.875463;-0.215807;-0.432425
-1.98067;-0.110005;-0.398608;1.024e-05;1.024e-05;1.024e-05;-0.591336;0.804616;-0.0539944
-8.63626;-0.103368;-4.48407;1.28e-05;1.28e-05;1.28e-05;-0.833617;0.292907;-0.468282
-0.52308;-3.35383;0.194031;1.28e-05;1.28e-05;1.28e-05;0.0982025;-0.936434;0.33682
-2.76125;-0.110441;1.34684;1.024e-05;1.024e-05;1.024e-05;-0.545118;0.789944;0.280774
0.580722;-4.02386;0.0766058;1.28e-05;1.28e-05;1.28e-05;-0.815397;-0.395112;0.423101
3.54418;-0.0990317;-18.5257;1.6e-05;1.6e-05;1.6e-05;0.151777;0.203819;-0.967172
0.543964;-3.52451;-0.151421;2e-05;2e-05;2e-05;-0.508694;-0.31493;-0.227669
3.21953;-0.114801;15.4197;1.6e-05;1.6e-05;1.6e-05;0.163349;0.270152;0.94886
-0.147735;-3.94011;0.910373;1.28e-05;1.28e-05;1.28e-05;-0.761951;-0.258887;-0.59364
0.523978;-4.42515;-0.249754;1.28e-05;1.28e-05;1.28e-05;-0.782732;-0.341507;-0.520292
0.0745201;-4.10424;0.872525;1.28e-05;1.28e-05;1.28e-05;-0.965631;-0.259787;-0.00825957
20.5558;-0.115055;6.21055;1.024e-05;1.024e-05;1.024e-05;0.950931;0.185215;0.247841
-0.407876;-3.35472;0.849857;1.28e-05;1.28e-05;1.28e-05;0.0117711;-0.156269;-0.987644
-0.221121;-3.35512;0.397058;2e-05;2e-05;2e-05;-0.752703;-0.428026;-0.284275
0.561897;-4.13006;-0.0322578;2e-05;2e-05;2e-05;-0.644877;-0.432475;-0.282629
8.33461;-0.113514;2.13681;1.6e-05;1.6e-05;1.6e-05;0.862291;0.445589;0.240633
0.649117;-3.64168;0.472198;1.28e-05;1.28e-05;1.28e-05;-0.783364;-0.34781;-0.51514
1.24772;-0.111684;1.2461;1.024e-05;1.024e-05;1.024e-05;0.163415;0.96367;0.21127
-0.0508957;-3.47123;0.894599;1.28e-05;1.28e-05;1.28e-05;-0.621773;-0.167605;-0.765054
0.739352;-0.111302;0.687142;1.6e-05;1.6e-05;1.6e-05;0.0325212;0.993692;0.107323
0.628271;-3.40707;0.343945;1.28e-05;1.28e-05;1.28e-05;-0.951058;-0.289;-0.109394
3.92474;-0.111645;-1.0489;1.024e-05;1.024e-05;1.024e-05;0.677613;0.677398;-0.28631
0.147419;-3.90993;0.86044;2e-05;2e-05;2e-05;-0.636764;-0.401414;-0.223813
-3.09728;-0.111887;5.28927;1.6e-05;1.6e-05;1.6e-05;-0.486031;0.568917;0.663405
0.528052;-3.52059;-0.245487;1.28e-05;1.28e-05;1.28e-05;-0.902261;-0.217321;-0.372419
0.624571;-3.56895;0.325637;1.28e-05;1.28e-05;1.28e-05;-0.915837;-0.23312;-0.326951
0.561518;-3.96134;-0.0381918;1.28e-05;1.28e-05;1.28e-05;-0.734696;-0.245547;-0.632399
0.458532;-3.49178;-0.35101;1.28e-05;1.28e-05;1.28e-05;-0.809963;-0.229513;0.539707
0.558517;-4.07976;0.790612;2e-05;2e-05;2e-05;-0.499167;-0.332565;-0.184388
0.0367022;-3.35586;0.0288267;1.28e-05;1.28e-05;1.28e-05;-0.91204;-0.227915;-0.340936
8.53239;-0.113;-0.325425;1.024e-05;1.024e-05;1.024e-05;0.933545;0.35634;-0.0389268
0.134384;-3.35608;-0.199444;1.28e-05;1.28e-05;1.28e-05;-0.965573;-0.260132;-0.000415676
-1.40435;-0.111044;1.77794;1.024e-05;1.024e-05;1.024e-05;-0.375323;0.791519;0.482318
3.53338;-0.112121;0.485068;1.6e-05;1.6e-05;1.6e-05;0.557787;0.828095;-0.0559607
1.1542;-0.102086;-13.7706;1.6e-05;1.6e-05;1.6e-05;0.0458763;0.262966;-0.963714
0.369835;-3.70136;-0.33627;1.28e-05;1.28e-05;1.28e-05;-0.0204207;-0.666097;0.745585
0.465031;-0.107914;-6.0119;1.024e-05;1.024e-05;1.024e-05;0.0141699;0.53488;-0.844809
0.270388;-3.59358;0.840039;1.28e-05;1.28e-05;1.28e-05;-0.866307;-0.206215;-0.454958
0.696769;-4.20582;0.767038;1.28e-05;1.28e-05;1.28e-05;-0.0536601;-0.541411;-0.839044
-0.613766;-4.08652;-0.129638;1.28e-05;1.28e-05;1.28e-05;0.489822;-0.603025;0.62963
0.355744;-3.35746;0.590861;2e-05;2e-05;2e-05;-0.573592;-0.341743;-0.217764
-0.44057;-0.111689;2.63331;1.6e-05;1.6e-05;1.6e-05;-0.203311;0.828695;0.521468
1.76198;-0.112583;3.41155;1.6e-05;1.6e-05;1.6e-05;0.222688;0.776932;0.588887
0.832437;-0.111558;1.2643;1.6e-05;1.6e-05;1.6e-05;0.0814768;0.91025;0.405964
0.25814;-3.35693;0.364656;2e-05;2e-05;2e-05;-0.75634;-0.447006;-0.298804
6.09556;-0.110754;-5.1029;1.6e-05;1.6e-05;1.6e-05;0.647271;0.410268;-0.642433
2.06746;-0.112515;2.86831;1.6e-05;1.6e-05;1.6e-05;0.322102;0.727283;0.606061
0.644943;-3.5645;0.445857;2e-05;2e-05;2e-05;-0.759048;-0.476471;-0.304449
3.30574;-0.112315;1.16454;1.6e-05;1.6e-05;1.6e-05;0.602337;0.781487;0.162692
0.682246;-3.61573;0.667296;1.28e-05;1.28e-05;1.28e-05;-0.871884;-0.311279;-0.378053
-0.359097;-3.85592;-0.21306;1.28e-05;1.28e-05;1.28e-05;-0.212556;-0.937428;0.27577
-20.8062;-0.0985026;1.03698;1.024e-05;1.024e-05;1.024e-05;-0.981758;0.180411;0.0600202
0.493527;-3.35792;0.494538;2e-05;2e-05;2e-05;-0.336017;-0.202503;-0.131719
0.677315;-3.68623;0.639716;1.28e-05;1.28e-05;1.28e-05;-0.870222;-0.392726;-0.297456
0.00791264;-3.82425;0.884173;1.28e-05;1.28e-05;1.28e-05;-0.696805;-0.333197;-0.635172
0.361506;-4.44554;0.823483;1.28e-05;1.28e-05;1.28e-05;-0.744327;-0.302609;-0.595319
-0.528121;-3.35384;0.232275;2e-05;2e-05;2e-05;-0.434356;-0.241146;-0.165669
-0.176434;-4.46456;0.914537;2e-05;2e-05;2e-05;-0.456026;-0.300059;-0.154258
0.573801;-3.35834;0.662495;2e-05;2e-05;2e-05;-0.476189;-0.288922;-0.181229
0.434514;-3.71062;0.812096;1.28e-05;1.28e-05;1.28e-05;-0.742638;-0.249378;-0.62153
-1.45252;-0.110815;1.23473;1.024e-05;1.024e-05;1.024e-05;-0.461791;0.880938;0.103427
-0.00262356;-3.35612;0.634357;2e-05;2e-05;2e-05;-0.264363;-0.152973;-0.0965767
0.141262;-0.112234;3.54579;1.6e-05;1.6e-05;1.6e-05;0.0329922;0.743809;0.667578
-0.674535;-0.111815;3.14628;1.6e-05;1.6e-05;1.6e-05;-0.285224;0.798306;0.530429
0.592976;-3.35809;0.187735;1.28e-05;1.28e-05;1.28e-05;-0.902333;-0.365521;-0.228448
1.90306;-0.100338;-16.133;1.024e-05;1.024e-05;1.024e-05;0.0784754;0.195143;-0.97763
0.680531;-4.45336;0.675487;1.28e-05;1.28e-05;1.28e-05;-0.700498;-0.625452;-0.343675
0.405517;-3.75228;-0.34238;1.28e-05;1.28e-05;1.28e-05;0.51872;-0.340295;0.784301
0.53235;-4.10309;-0.207359;1.28e-05;1.28e-05;1.28e-05;-0.105364;-0.872275;-0.47753
0.245409;-3.35679;0.230848;1.28e-05;1.28e-05;1.28e-05;-0.294342;-0.616615;-0.73017
-25.4899;-0.0755198;-4.73664;1.024e-05;1.024e-05;1.024e-05;-0.974271;0.12422;-0.188056
-0.617726;-4.26955;-0.149019;1.28e-05;1.28e-05;1.28e-05;0.77195;-0.571481;0.278393
0.513293;-3.8811;-0.324773;1.28e-05;1.28e-05;1.28e-05;-0.836257;-0.334421;-0.434554
7.05603;-0.113711;4.08767;1.024e-05;1.024e-05;1.024e-05;0.748192;0.430819;0.504583
-0.335972;-4.32738;-0.217599;1.28e-05;1.28e-05;1.28e-05;-0.432402;-0.39377;0.811156
11.9715;-0.113483;-1.02281;1.6e-05;1.6e-05;1.6e-05;0.946202;0.286345;-0.150695
-0.558124;-4.30195;0.203709;1.28e-05;1.28e-05;1.28e-05;0.948716;-0.316091;-0.00488917
0.30762;-4.05087;0.83313;1.28e-05;1.28e-05;1.28e-05;0.0673489;-0.726807;-0.683532
2.86911;-0.111353;-0.927676;1.6e-05;1.6e-05;1.6e-05;0.522263;0.84036;-0.145039
-0.161116;-4.18255;0.912317;1.28e-05;1.28e-05;1.28e-05;-0.501491;-0.811081;-0.301087
0.236614;-3.35712;0.770973;1.28e-05;1.28e-05;1.28e-05;-0.85555;-0.261301;-0.446941
-3.28398;-0.112734;8.15236;1.024e-05;1.024e-05;1.024e-05;-0.400157;0.368763;0.838981
0.216297;-4.22046;-0.310962;1.28e-05;1.28e-05;1.28e-05;0.361878;-0.906405;0.217887
0.669178;-3.39426;0.585268;1.28e-05;1.28e-05;1.28e-05;-0.788308;-0.613741;-0.0434974
0.891794;-0.111572;1.25319;1.6e-05;1.6e-05;1.6e-05;0.274223;0.957985;0.0840636
-0.128309;-3.38798;0.907814;1.28e-05;1.28e-05;1.28e-05;-0.919117;-0.238889;-0.3133
0.566066;-3.72207;-0.0165601;2e-05;2e-05;2e-05;-0.368339;-0.234542;-0.161004
-0.543135;-0.110953;0.84587;1.28e-05;1.28e-05;1.28e-05;-0.200032;0.957029;0.209959
-0.310501;-4.1555;-0.221684;1.28e-05;1.28e-05;1.28e-05;-0.071952;-0.59943;0.797186
0.681982;-4.30867;0.680897;2e-05;2e-05;2e-05;-0.601456;-0.416514;-0.23006
-0.515631;-3.35393;0.299865;1.28e-05;1.28e-05;1.28e-05;-0.680545;-0.517383;0.518819
-0.151081;-0.111025;0.710442;1.024e-05;1.024e-05;1.024e-05;0.110837;0.985968;0.124831
-0.042484;-3.65176;-0.266394;1.28e-05;1.28e-05;1.28e-05;0.414974;-0.625271;0.660933
-0.985326;-0.109111;-2.94431;1.024e-05;1.024e-05;1.024e-05;-0.20768;0.780339;-0.589864
0.538275;-3.696;-0.181269;2e-05;2e-05;2e-05;-0.738624;-0.467627;-0.332258
3.80809;-0.111938;-0.208531;1.6e-05;1.6e-05;1.6e-05;0.688252;0.712276;-0.137736
0.695861;-3.43549;0.743763;1.28e-05;1.28e-05;1.28e-05;-0.560348;-0.36871;-0.741662
0.402624;-3.35721;-0.0392044;2e-05;2e-05;2e-05;-0.640226;-0.382905;-0.277272
-2.74652;-0.110396;1.22037;1.6e-05;1.6e-05;1.6e-05;-0.670707;0.691509;0.268266
0.627663;-3.79295;0.348796;1.28e-05;1.28e-05;1.28e-05;-0.921805;-0.212884;-0.323969
1.57455;-0.11058;-1.83906;1.024e-05;1.024e-05;1.024e-05;0.215855;0.839439;-0.498747
0.656699;-4.11858;0.773938;1.28e-05;1.28e-05;1.28e-05;-0.327257;-0.294176;-0.897977
0.956339;-0.112688;4.51768;1.024e-05;1.024e-05;1.024e-05;0.054568;0.72952;0.681779
-0.0242281;-3.35563;0.0304067;2e-05;2e-05;2e-05;-0.803292;-0.463991;-0.331606
0.900718;-0.110568;-1.31844;1.6e-05;1.6e-05;1.6e-05;0.254532;0.892993;-0.371183
0.659186;-4.41887;0.548672;1.28e-05;1.28e-05;1.28e-05;-0.413002;-0.383892;-0.825867
-0.433202;-4.10281;0.93716;1.28e-05;1.28e-05;1.28e-05;0.856403;-0.515764;0.0237097
4.57311;-0.113077;3.30466;1.6e-05;1.6e-05;1.6e-05;0.705777;0.561331;0.432188
-0.394049;-3.84375;0.952203;1.28e-05;1.28e-05;1.28e-05;-0.976541;-0.214319;0.0208831
-11.0016;-0.112388;12.9199;1.6e-05;1.6e-05;1.6e-05;-0.662343;0.223292;0.715152
-0.477469;-3.35405;0.253426;1.28e-05;1.28e-05;1.28e-05;0.284666;-0.943052;0.172102
-10.1387;-0.113381;16.407;1.024e-05;1.024e-05;1.024e-05;-0.505846;0.169676;0.845772
